17 2
290777429.00000 -997550558.00000
956322218.00000 -961249834.00000
993911538.00000 -562261773.00000
998666661.00000 67458089.00000
996460968.00000 225082108.00000
977638765.00000 950256464.00000
963597895.00000 962942535.00000
587011242.00000 992294773.00000
-901487256.00000 988188739.00000
-957108538.00000 969406808.00000
-982087198.00000 877489735.00000
-994427281.00000 823188345.00000
-997651867.00000 -172347951.00000
-990809833.00000 -786535877.00000
-951164853.00000 -959258886.00000
-902449951.00000 -985652225.00000
-439971169.00000 -992781513.00000
290777429.00000 -997550558.00000 -990809833.00000 -786535877.00000
290777429.00000 -997550558.00000 -951164853.00000 -959258886.00000
