18 6
-812658776.00000 -999616371.00000
283194114.00000 -991458713.00000
752433270.00000 -981542634.00000
935730354.00000 -938499968.00000
996351144.00000 -882494262.00000
998837053.00000 825456951.00000
994696717.00000 938454726.00000
944374712.00000 993858609.00000
476007686.00000 998475855.00000
-523194220.00000 999521108.00000
-935786392.00000 994239233.00000
-970473539.00000 657466439.00000
-986007918.00000 382464455.00000
-992079846.00000 81009379.00000
-992771483.00000 -394400796.00000
-984673431.00000 -820337347.00000
-971202245.00000 -956086306.00000
-908007351.00000 -975833118.00000
-812658776.00000 -999616371.00000 998837053.00000 825456951.00000
-812658776.00000 -999616371.00000 -970473539.00000 657466439.00000
-812658776.00000 -999616371.00000 -986007918.00000 382464455.00000
-812658776.00000 -999616371.00000 -992771483.00000 -394400796.00000
-812658776.00000 -999616371.00000 -971202245.00000 -956086306.00000
-812658776.00000 -999616371.00000 -939604798.00000 -965959712.00000
